16 2 -3.27393 31 55 -1.23177 45 91 0.80523 
18 1 -3.00537 32 52 -1.09207 46 69 0.96248 
19 6 -2.72827 33 77 -0.94779 47 64 1.11406 
20 3 -2.53830 34 68 -0.80615 48 62 1.28610 
21 3 -2.44904 35 58 -0.69509 49 37 1.45421 
22 8 -2.32338 36 89 -0.57545 50 25 1.58487 
23 5 -2.21069 37 90 -0.43999 51 34 1.74091 
24 9 -2.11437 38 106 -0.30033 52 21 1.93886 
25 4 -2.03972 39 107 -0.15487 53 15 2.12700 
26 21 -1.92173 40 130 0.00332 54 10 2.32338 
27 23 -1.76250 41 116 0.16767 55 9 2.57309 
28 23 -1.63340 42 109 0.32197 56 2 2.85950 
29 32 -1.50796 43 105 0.47617 58 1 3.00537 
30 38 -1.37639 44 103 0.63779 59 2 3.27393 