24 2 -3.27393 38 64 -1.11902 50 83 0.58331 
26 4 -2.85950 39 60 -0.97631 51 87 0.72330 
28 4 -2.63199 40 68 -0.84732 52 87 0.88309 
29 11 -2.39883 41 76 -0.71727 53 81 1.06238 
30 9 -2.21069 42 87 -0.58331 54 57 1.24033 
31 9 -2.09015 43 86 -0.45174 55 63 1.43533 
32 13 -1.97495 44 101 -0.31776 56 38 1.65653 
33 23 -1.82919 45 103 -0.17779 57 34 1.88511 
34 25 -1.68062 46 134 -0.01928 58 19 2.15324 
35 26 -1.55521 47 107 0.14143 59 13 2.44904 
36 39 -1.42424 48 116 0.29338 60 7 2.90161 
37 51 -1.27553 49 98 0.44585 